1363026 2928920 1571469 3023534
2744178 3005943 3091714 3106683
223983 2437431 -278961 3326224
2454616 2576344 2885998 2387754
1551436 29248 1865296 -1279130
2997120 2493979 2885998 2387754
1588355 3153332 1571469 3023534
3539081 3302128 3309042 3583067
3973905 60392 3515381 -806927
3305001 3120691 3091714 3106683
3859262 2668840 3574747 2000000
2475557 3997856 2364210 4052453
2775306 3668540 3309042 3583067
3018235 2285225 2885998 2387754
3033163 3294719 3091714 3106683
3079956 3215569 3091714 3106683
3994355 1831842 3574747 2000000
1741021 3231978 1571469 3023534
1873455 3917294 2364210 4052453
3128140 2938277 3091714 3106683
732217 3603298 -278961 3326224
3884431 3834735 3309042 3583067
3679358 1029949 3574747 2000000
2260133 3563353 2364210 4052453
60149 3320681 -278961 3326224
3132535 2405693 2885998 2387754
3028313 2829410 3091714 3106683
3142423 3921417 3309042 3583067
2636416 939525 2885998 2387754
524530 681397 -1031499 681463
3155000 1666362 3574747 2000000
2169350 3040469 1571469 3023534
1663350 1595182 1571469 3023534
3311582 3386773 3309042 3583067